0.01  32.953886976  0.1458856521663457
0.012  33.8790034661  0.16779607458400211
0.014  33.8421407403  0.07849893144361902
0.016  34.1185670426  0.07235392477654547
0.019  34.5934459829  0.08546064347891373
0.023  34.9390265264  0.05612508419138452
0.026  35.2520963261  0.06106826959690278
0.031  35.7485016537  0.05676394193517571
0.037  36.0697876073  0.05679556297722561
0.043  36.4345704737  0.07514307319187843
0.051  36.6511105942  0.09290133971595889
0.06  37.1580141133  0.06208918904769171
0.07  37.4301732516  0.06587933786757423
0.082  37.9566163488  0.05465045917620455
0.097  38.2532540406  0.059933662766595536
0.114  38.6128693372  0.037434095294397056
0.134  39.0678507056  0.03861411340352126
0.158  39.3414019038  0.03468858911890191
0.186  39.7921436157  0.032140254516104874
0.218  40.1565346033  0.03296163841422328
0.257  40.5649560582  0.03171977425802397
0.302  40.9052877824  0.03926215905843691
0.355  41.4214174356  0.033575768493662214
0.418  41.7909234574  0.041520654294098014
0.491  42.2314610669  0.03937127633656293
0.578  42.6170470706  0.03594528436693748
0.679  43.0527314851  0.06277784454988877
0.799  43.5041508283  0.05459143473540515
0.94  43.9725734093  0.06682760806163872
1.105  44.5140875789  0.15460363602418928
1.3  44.8218674621  0.13845222576975785
